/*汉字的字形存在于字库中，即便在今天，1616 点阵的字库也仍然使用广泛。

1616 点阵的字库把每个汉字看成是 16 \times 1616×16 个像素信息。并把这些信息记录在字节中。

一个字节可以存储 88 位信息，用 3232 个字节就可以存一个汉字的字形了。 把每个字节转为 22 进制表示，11 表示墨迹，00 表示底色。每行 22 个字节，一共 1616 行，布局是：

    第 1 字节，第 2 字节
    第 3 字节，第 4 字节
    ....
    第 31 字节, 第 32 字节
copy
这道题目是给你一段多个汉字组成的信息，每个汉字用 3232 个字节表示，这里给出了字节作为有符号整数的值。

题目的要求隐藏在这些信息中。你的任务是复原这些汉字的字形，从中看出题目的要求，并根据要求填写答案。

这段信息是（一共 1010 个汉字）：*/
#include<stdio.h>
#include<stdlib.h>
#include<string.h>
int main()
{
    char str[50],arr[7];
    int num,length,limit;
    while(1)
    {
        for(int times=0;times<2;times++)//输出两次换行
        {
        scanf("%d",&num);
        itoa(num,str,2);//转换进制的函数，头文件是<stdlid.h>
        //2即是代表转换为2进制
       length = strlen(&str);//测量二进制数据的长度
       limit=length-8;
       if(limit>=0)
       {
        for(;limit<length;limit++)//大于八位的仅输出后八位
        printf("%c",str[limit]);
       }
       else
       {
           limit = 8-length;
           for(num=0;num<limit;num++)//小于八位的在前面输出0凑齐八位
           {
               arr[num]='0';
                printf("%c",arr[num]);
           }
            printf("%s",str);
       }
        }
        printf("\n");
    }
    return 0;
}
/*4 0 4 0 4 0 4 32 -1 -16 4 32 4 32 4 32 4 32 4 32 8 32 8 32 16 34 16 34 32 30 -64 0 
16 64 16 64 34 68 127 126 66 -124 67 4 66 4 66 -124 126 100 66 36 66 4 66 4 66 4 126 4 66 40 0 16 
4 0 4 0 4 0 4 32 -1 -16 4 32 4 32 4 32 4 32 4 32 8 32 8 32 16 34 16 34 32 30 -64 0 
0 -128 64 -128 48 -128 17 8 1 -4 2 8 8 80 16 64 32 64 -32 64 32 -96 32 -96 33 16 34 8 36 14 40 4 
4 0 3 0 1 0 0 4 -1 -2 4 0 4 16 7 -8 4 16 4 16 4 16 8 16 8 16 16 16 32 -96 64 64 
16 64 20 72 62 -4 73 32 5 16 1 0 63 -8 1 0 -1 -2 0 64 0 80 63 -8 8 64 4 64 1 64 0 -128 
0 16 63 -8 1 0 1 0 1 0 1 4 -1 -2 1 0 1 0 1 0 1 0 1 0 1 0 1 0 5 0 2 0 
2 0 2 0 7 -16 8 32 24 64 37 -128 2 -128 12 -128 113 -4 2 8 12 16 18 32 33 -64 1 0 14 0 112 0 
1 0 1 0 1 0 9 32 9 16 17 12 17 4 33 16 65 16 1 32 1 64 0 -128 1 0 2 0 12 0 112 0 
0 0 0 0 7 -16 24 24 48 12 56 12 0 56 0 -32 0 -64 0 -128 0 0 0 0 1 -128 3 -64 1 -128 0 0 */
